Output hyp_distfull desc_qAA desc_pAA desc_epsAA desc_sigAA desc_qAB desc_pAB desc_epsAB desc_sigAB cand_name id
NA 0.11651040638778117 0.0 4.0 1.0 1.0 0.8 3.8 2.6 1.05 pA4.0qA0.0eA1.0sA1.0jpX3.8qX0.8eX2.6sX1.05 0
NA 0.1224250409578583 0.0 4.0 1.0 1.0 0.6 3.8 2.4 1.05 pA4.0qA0.0eA1.0sA1.0jpX3.8qX0.6eX2.4sX1.05 1
NA 0.12455160728441428 0.8 3.6 1.2 1.05 0.8 3.8 2.6 1.05 pA3.6qA0.8eA1.2sA1.05jpX3.8qX0.8eX2.6sX1.05 2
NA 0.1284369996575329 0.0 4.0 1.0 1.0 0.4 3.8 2.4 1.05 pA4.0qA0.0eA1.0sA1.0jpX3.8qX0.4eX2.4sX1.05 3
NA 0.13010118652040925 0.8 3.6 1.2 1.05 0.6 3.8 2.4 1.05 pA3.6qA0.8eA1.2sA1.05jpX3.8qX0.6eX2.4sX1.05 4
NA 4.905867928372628 1.6 3.0 1.4 1.25 2.0 3.6 2.8 1.35 pA3.0qA1.6eA1.4sA1.25jpX3.6qX2.0eX2.8sX1.35 5
NA 4.905868826788161 0.4 3.0 1.0 1.2 1.2 4.4 2.2 1.15 pA3.0qA0.4eA1.0sA1.2jpX4.4qX1.2eX2.2sX1.15 6
NA 4.905870341890905 2.0 3.0 1.0 1.45 1.8 3.6 3.0 1.3 pA3.0qA2.0eA1.0sA1.45jpX3.6qX1.8eX3.0sX1.3 7
NA 4.905872363463312 1.0 4.0 1.0 1.3 1.8 3.6 2.4 1.1 pA4.0qA1.0eA1.0sA1.3jpX3.6qX1.8eX2.4sX1.1 8
NA 4.905876880458701 0.2 3.6 1.0 1.0 1.8 4.4 2.6 1.15 pA3.6qA0.2eA1.0sA1.0jpX4.4qX1.8eX2.6sX1.15 9
NA 9.69522822799126 1.0 3.2 1.2 1.25 0.6 4.8 3.0 1.1 pA3.2qA1.0eA1.2sA1.25jpX4.8qX0.6eX3.0sX1.1 10
NA 9.695228250713969 1.2 5.0 1.2 1.2 0.6 4.6 2.2 1.1 pA5.0qA1.2eA1.2sA1.2jpX4.6qX0.6eX2.2sX1.1 11
NA 9.69523327023531 1.6 4.6 1.6 1.2 1.4 3.2 3.0 1.4 pA4.6qA1.6eA1.6sA1.2jpX3.2qX1.4eX3.0sX1.4 12
NA 9.695241062411375 1.8 4.2 1.0 1.0 1.4 3.8 3.0 1.3 pA4.2qA1.8eA1.0sA1.0jpX3.8qX1.4eX3.0sX1.3 13
NA 14.484578870923198 1.6 4.4 1.0 1.3 1.0 4.0 2.8 1.3 pA4.4qA1.6eA1.0sA1.3jpX4.0qX1.0eX2.8sX1.3 14
NA 14.48458030743634 0.4 4.2 2.0 1.2 0.0 4.6 2.8 1.15 pA4.2qA0.4eA2.0sA1.2jpX4.6qX0.0eX2.8sX1.15 15
NA 14.48458213609294 1.4 4.6 2.0 1.0 0.4 4.8 3.0 1.15 pA4.6qA1.4eA2.0sA1.0jpX4.8qX0.4eX3.0sX1.15 16
NA 14.48458702814496 0.0 4.2 1.6 1.0 0.2 5.0 2.6 1.15 pA4.2qA0.0eA1.6sA1.0jpX5.0qX0.2eX2.6sX1.15 17
NA 14.48458866775283 1.6 4.2 1.2 1.35 0.2 5.0 3.0 1.1 pA4.2qA1.6eA1.2sA1.35jpX5.0qX0.2eX3.0sX1.1 18
NA 19.273936475435146 2.0 4.2 1.4 1.3 1.0 4.8 3.0 1.2 pA4.2qA2.0eA1.4sA1.3jpX4.8qX1.0eX3.0sX1.2 19
NA 19.273939450724182 2.0 4.6 1.0 1.15 1.6 4.4 3.0 1.3 pA4.6qA2.0eA1.0sA1.15jpX4.4qX1.6eX3.0sX1.3 20
NA 19.27394597574778 0.8 3.6 1.0 1.2 0.6 4.8 3.0 1.2 pA3.6qA0.8eA1.0sA1.2jpX4.8qX0.6eX3.0sX1.2 21
NA 19.27396158789091 1.4 4.0 1.6 1.3 1.0 4.2 3.0 1.3 pA4.0qA1.4eA1.6sA1.3jpX4.2qX1.0eX3.0sX1.3 22
NA 19.273971197869848 1.2 3.8 1.6 1.1 0.6 4.8 3.0 1.2 pA3.8qA1.2eA1.6sA1.1jpX4.8qX0.6eX3.0sX1.2 23
NA 24.06330375321047 1.2 3.8 1.6 1.15 0.2 5.0 2.4 1.25 pA3.8qA1.2eA1.6sA1.15jpX5.0qX0.2eX2.4sX1.25 24
NA 24.063327753076887 1.2 4.6 1.0 1.2 0.4 5.0 2.4 1.25 pA4.6qA1.2eA1.0sA1.2jpX5.0qX0.4eX2.4sX1.25 25
NA 24.06334399207229 0.4 4.4 1.2 1.15 1.8 5.0 2.8 1.25 pA4.4qA0.4eA1.2sA1.15jpX5.0qX1.8eX2.8sX1.25 26
NA 24.063354139923476 1.6 3.8 1.2 1.25 0.4 4.8 2.8 1.25 pA3.8qA1.6eA1.2sA1.25jpX4.8qX0.4eX2.8sX1.25 27
NA 24.063364324250742 1.0 4.0 1.0 1.25 1.2 4.8 2.4 1.3 pA4.0qA1.0eA1.0sA1.25jpX4.8qX1.2eX2.4sX1.3 28
NA 28.852648948582285 1.2 5.0 1.6 1.3 0.2 4.6 2.8 1.25 pA5.0qA1.2eA1.6sA1.3jpX4.6qX0.2eX2.8sX1.25 29
NA 28.85270326532688 1.4 3.0 2.0 1.4 0.2 5.0 2.8 1.25 pA3.0qA1.4eA2.0sA1.4jpX5.0qX0.2eX2.8sX1.25 30
NA 28.85280240727008 2.0 4.0 1.6 1.3 1.2 5.0 3.0 1.25 pA4.0qA2.0eA1.6sA1.3jpX5.0qX1.2eX3.0sX1.25 31
NA 28.85286417994483 2.0 5.0 1.6 1.35 0.6 5.0 2.4 1.2 pA5.0qA2.0eA1.6sA1.35jpX5.0qX0.6eX2.4sX1.2 32
NA 28.85286843242467 1.2 3.8 1.8 1.25 1.2 5.0 3.0 1.25 pA3.8qA1.2eA1.8sA1.25jpX5.0qX1.2eX3.0sX1.25 33
NA 33.64217336872911 1.8 4.6 1.0 1.3 2.0 5.0 2.4 1.35 pA4.6qA1.8eA1.0sA1.3jpX5.0qX2.0eX2.4sX1.35 34
NA 33.64234149761695 0.6 4.8 1.2 1.15 1.8 4.8 2.8 1.35 pA4.8qA0.6eA1.2sA1.15jpX4.8qX1.8eX2.8sX1.35 35
NA 33.64240988808956 0.8 4.8 1.4 1.2 1.6 5.0 2.8 1.3 pA4.8qA0.8eA1.4sA1.2jpX5.0qX1.6eX2.8sX1.3 36
NA 33.64278657788992 1.2 4.8 2.2 1.3 0.2 5.0 3.0 1.2 pA4.8qA1.2eA2.2sA1.3jpX5.0qX0.2eX3.0sX1.2 37
NA 33.64316700460397 2.0 4.8 1.6 1.2 2.0 5.0 3.0 1.3 pA4.8qA2.0eA1.6sA1.2jpX5.0qX2.0eX3.0sX1.3 38
NA 38.43145977111672 1.8 4.6 1.4 1.3 1.2 5.0 3.0 1.3 pA4.6qA1.8eA1.4sA1.3jpX5.0qX1.2eX3.0sX1.3 39
NA 38.43399642736832 2.0 5.0 2.0 1.35 0.8 4.8 3.0 1.25 pA5.0qA2.0eA2.0sA1.35jpX4.8qX0.8eX3.0sX1.25 40
NA 38.43524632065307 1.8 4.8 2.4 1.35 0.2 5.0 3.0 1.2 pA4.8qA1.8eA2.4sA1.35jpX5.0qX0.2eX3.0sX1.2 41
NA 38.44285507040525 1.2 4.4 1.8 1.3 1.4 5.0 3.0 1.3 pA4.4qA1.2eA1.8sA1.3jpX5.0qX1.4eX3.0sX1.3 42
NA 38.446013398252056 1.8 4.6 1.4 1.35 1.8 4.8 3.0 1.35 pA4.6qA1.8eA1.4sA1.35jpX4.8qX1.8eX3.0sX1.35 43
NA 43.22276975762715 1.4 4.8 1.0 1.3 2.0 5.0 3.0 1.35 pA4.8qA1.4eA1.0sA1.3jpX5.0qX2.0eX3.0sX1.35 44
NA 43.230211939949676 1.0 4.8 1.2 1.25 2.0 5.0 3.0 1.35 pA4.8qA1.0eA1.2sA1.25jpX5.0qX2.0eX3.0sX1.35 45
NA 43.231880371027415 1.0 4.6 1.4 1.25 2.0 5.0 3.0 1.35 pA4.6qA1.0eA1.4sA1.25jpX5.0qX2.0eX3.0sX1.35 46
NA 43.23392748350609 0.6 5.0 1.0 1.25 2.0 5.0 3.0 1.35 pA5.0qA0.6eA1.0sA1.25jpX5.0qX2.0eX3.0sX1.35 47
NA 43.24395427035449 0.8 4.4 1.6 1.25 2.0 5.0 3.0 1.35 pA4.4qA0.8eA1.6sA1.25jpX5.0qX2.0eX3.0sX1.35 48
